"YEAR" "GLOBAL (PgC/y)" "NORTH (PgC/y)" "TROPICS (PgC/y)" "SOUTH (PgC/y)"
1860 -0.0364517383277416 0.999673068523407 -1.10879063606262 0.0726657882332802
1861 0.0272828061133623 -0.315139055252075 0.440695106983185 -0.0982732474803925
1862 -0.806541383266449 -0.41122704744339 -0.347201585769653 -0.0481127798557281
1863 0.909274399280548 0.146710723638535 0.734189689159393 0.028373945504427
1864 0.174140930175781 -0.158829927444458 0.266412943601608 0.066557914018631
1865 0.278315216302872 -0.0802867263555527 0.275410860776901 0.0831910744309425
1866 -0.987043499946594 -0.245373591780663 -0.790794610977173 0.04912468791008
1867 0.221562176942825 0.015451324172318 0.191309779882431 0.0148010719567537
1868 -0.338280081748962 -0.143274694681168 -0.0543621517717838 -0.140643239021301
1869 -0.0745622217655182 0.0268871691077948 0.00458947336301208 -0.106038860976696
1870 -0.209571555256844 -0.0272982027381659 -0.0977509468793869 -0.0845224037766457
1871 -0.0633132085204124 -0.469167441129684 0.418286770582199 -0.0124325398355722
1872 0.794216573238373 -0.136945754289627 0.829596400260925 0.101565964519978
1873 -0.576894342899323 -0.145765319466591 -0.460572928190231 0.0294439028948545
1874 -0.113864801824093 -0.121375478804111 0.075683206319809 -0.0681725293397903
1875 0.503485143184662 -0.309183448553085 0.750035881996155 0.0626327320933342
1876 -1.13757753372192 -0.377064853906631 -0.776795208454132 0.0162825137376785
1877 0.726907014846802 0.476762264966965 0.236884027719498 0.0132607417181134
1878 0.229436874389648 -0.199305012822151 0.393919587135315 0.0348223075270653
1879 -0.774587571620941 0.345857322216034 -1.08706712722778 -0.0333778448402882
1880 -0.234782576560974 -0.58128160238266 0.491368651390076 -0.14486962556839
1881 -0.727956891059875 -0.504750192165375 -0.127326890826225 -0.0958798006176949
1882 0.320477217435837 -0.565170884132385 0.811125099658966 0.0745229870080948
1883 0.0761041715741158 -0.488943248987198 0.486984103918076 0.0780632942914963
1884 0.253625005483627 0.0217245388776064 0.217242136597633 0.0146583113819361
1885 -0.378606677055359 -0.200165987014771 -0.126101046800613 -0.0523396581411362
1886 -0.978512167930603 -0.5438551902771 -0.357980936765671 -0.0766760408878326
1887 0.176114171743393 -0.138540387153625 0.392382204532623 -0.0777276605367661
1888 0.604347288608551 0.274670302867889 0.310719668865204 0.0189572926610708
1889 -0.215873196721077 -0.0547330006957054 -0.169209107756615 0.00806890986859798
1890 0.784569621086121 0.34112885594368 0.378956615924835 0.0644841566681862
1891 -0.923276245594025 -0.341616690158844 -0.548649609088898 -0.0330099016427994
1892 -0.415782302618027 -0.426357746124268 0.0734541639685631 -0.0628787279129028
1893 -0.586025714874268 -0.0285588894039392 -0.389223664999008 -0.168243154883385
1894 -0.319397777318954 -0.114374719560146 -0.0622491575777531 -0.142773881554604
1895 -0.317494302988052 -0.387412458658218 0.0165408682078123 0.0533773116767406
1896 -0.227002367377281 -0.0769173428416252 -0.0861178785562515 -0.0639671459794044
1897 -0.00727153103798628 0.121471270918846 0.0447832010686398 -0.173526003956795
1898 -0.340134173631668 0.00539858965203166 -0.214268758893013 -0.131264001131058
1899 -1.67326664924622 -0.857221603393555 -0.615359902381897 -0.200685158371925
1900 -0.327079832553864 -0.444906949996948 0.193918660283089 -0.0760915502905846
1901 -0.0266274977475405 -0.381309032440186 0.369034647941589 -0.0143530936911702
1902 -1.35906934738159 -0.434883534908295 -0.71443909406662 -0.209746733307838
1903 -0.449783593416214 -0.258644640445709 -0.171985819935799 -0.0191531293094158
1904 0.555674910545349 -0.324388384819031 0.839415371417999 0.0406478941440582
1905 -0.916988611221313 -0.524328887462616 -0.382677763700485 -0.00998198799788952
1906 0.390303522348404 0.181430011987686 0.217679038643837 -0.00880553387105465
1907 0.326682299375534 -0.161832869052887 0.497726738452911 -0.00921158399432898
1908 -0.341053366661072 -0.215574517846107 0.0281723439693451 -0.153651207685471
1909 -0.696378767490387 -0.875771760940552 0.206092312932014 -0.0266993008553982
1910 0.18482381105423 -0.278850853443146 0.463435232639313 0.000239440851146355
1911 -0.263721764087677 -0.104336433112621 -0.148134648799896 -0.0112506914883852
1912 -0.362841993570328 0.22389754652977 -0.425611406564713 -0.161128133535385
1913 -0.444801092147827 -0.405701994895935 0.0528989359736443 -0.0919980406761169
1914 -0.370312064886093 0.52480411529541 -0.645687699317932 -0.249428510665894
1915 -0.396190792322159 0.483725875616074 -0.75960510969162 -0.120311550796032
1916 -0.1960119754076 -0.543503642082214 0.453549146652222 -0.106057487428188
1917 0.615405023097992 -0.744477510452271 1.23100423812866 0.128878250718117
1918 -0.0808305963873863 -0.317241668701172 0.193960666656494 0.042450413107872
1919 -1.71951329708099 -0.244633942842484 -1.20133173465729 -0.273547559976578
1920 0.0392956733703613 -0.0778239592909813 0.201295539736748 -0.0841759070754051
1921 0.872544169425964 0.107420027256012 0.683522462844849 0.0816016867756844
1922 -0.347679674625397 -0.109884329140186 -0.18156786262989 -0.0562274791300297
1923 0.608857035636902 -0.00730537809431553 0.743378460407257 -0.127216026186943
1924 -0.930383145809174 -0.415531098842621 -0.430919170379639 -0.0839328542351723
1925 0.142810136079788 -0.026947271078825 0.200136661529541 -0.0303792487829924
1926 -1.06744813919067 -0.0706391483545303 -0.9331955909729 -0.0636133998632431
1927 -0.195133000612259 -0.139264971017838 0.115824989974499 -0.17169301211834
1928 -0.843370735645294 -0.269373863935471 -0.458753079175949 -0.115243785083294
1929 -0.316805094480515 -0.49059984087944 0.391594767570496 -0.21780002117157
1930 -0.120824612677097 -0.13008388876915 0.0859415009617805 -0.0766822174191475
1931 -1.2784069776535 -0.436372071504593 -0.922965347766876 0.0809304714202881
1932 -0.494570434093475 0.0783775448799133 -0.614242672920227 0.0412947200238705
1933 -0.641369044780731 -0.289160758256912 -0.237132847309113 -0.115075431764126
1934 0.273914754390717 -0.216214939951897 0.547239303588867 -0.0571096017956734
1935 -0.827487409114838 -0.20989191532135 -0.497007846832275 -0.120587646961212
1936 -1.38223278522491 -0.995129644870758 -0.304606646299362 -0.0824965238571167
1937 -1.02253079414368 -0.0951466783881187 -0.79185825586319 -0.135525822639465
1938 -0.87498927116394 0.0360566936433315 -0.732807695865631 -0.17823825776577
1939 -0.306998252868652 -0.379420757293701 0.0396596230566502 0.0327628888189793
1940 -0.659213364124298 0.0768885090947151 -0.5754274725914 -0.160674408078194
1941 -1.09707522392273 0.667437434196472 -1.65276694297791 -0.111745811998844
1942 -1.08905589580536 0.0406829416751862 -1.03601372241974 -0.0937251821160316
1943 -0.0537913590669632 0.0683059990406036 -0.0838768184185028 -0.038220539689064
1944 -0.629655241966248 0.211057409644127 -0.640328109264374 -0.200384527444839
1945 -0.755000829696655 -0.00103787868283689 -0.588122606277466 -0.165840327739716
1946 -0.567142426967621 0.0819859132170677 -0.612757205963135 -0.0363710820674896
1947 -0.592287659645081 0.135406568646431 -0.728323698043823 0.000629478832706809
1948 -1.09174823760986 0.0397258698940277 -1.00856983661652 -0.12290421128273
1949 -1.11796176433563 -0.0657708644866943 -0.922721207141876 -0.129469692707062
1950 0.459568947553635 0.16600526869297 0.389147460460663 -0.0955837666988373
1951 -0.82401031255722 -0.160526424646378 -0.511514246463776 -0.151969686150551
1952 -1.30710601806641 0.0615050047636032 -1.23098766803741 -0.137623399496078
1953 -0.52251535654068 0.263029277324677 -0.610049188137054 -0.175495430827141
1954 -0.534593045711517 0.179906278848648 -0.550244987010956 -0.164254307746887
1955 -0.234333798289299 -0.161633193492889 -0.0800290778279305 0.00732846790924668
1956 -0.015612524934113 -0.168204635381699 0.219717085361481 -0.0671249777078629
1957 -1.1424388885498 0.440742611885071 -1.3637797832489 -0.219401717185974
1958 -1.82175946235657 0.45526197552681 -2.09074783325195 -0.186273649334908
1959 -0.511563897132874 0.591930568218231 -0.932477414608002 -0.171017050743103
1960 -0.721204221248627 0.243381708860397 -0.827690243721008 -0.136895686388016
1961 -0.67064368724823 -0.0393214337527752 -0.526285409927368 -0.105036862194538
1962 -0.57168310880661 0.229317635297775 -0.596954941749573 -0.204045832157135
1963 -0.412542790174484 0.254862636327744 -0.784696221351624 0.117290832102299
1964 0.0696843191981316 0.737451910972595 -0.615214467048645 -0.0525531359016895
1965 -1.04644548892975 0.344030648469925 -1.16616582870483 -0.224310249090195
1966 -0.310659259557724 0.269039422273636 -0.484780430793762 -0.0949182361364365
1967 1.22140467166901 0.837521433830261 0.560396194458008 -0.176513016223907
1968 1.36052095890045 1.03986036777496 0.298577100038528 0.0220834594219923
1969 -0.88015341758728 0.703996002674103 -1.54960966110229 -0.0345397554337978
1970 -0.913626253604889 0.226505860686302 -0.990497171878815 -0.14963498711586
1971 1.41665184497833 0.342207580804825 1.11330223083496 -0.0388578623533249
1972 0.430724501609802 0.691749274730682 -0.140562757849693 -0.120462022721767
1973 1.22159421443939 1.08180034160614 -0.0322016887366772 0.171995609998703
1974 2.89062404632568 0.384452104568481 2.25530409812927 0.250867903232574
1975 1.44627583026886 0.38293582201004 0.981144666671753 0.0821953937411308
1976 2.09427976608276 1.25832319259644 0.826336920261383 0.00961955916136503
1977 1.4451516866684 1.16381168365479 0.442639350891113 -0.161299407482147
1978 1.3719220161438 0.84156346321106 0.495716333389282 0.0346422120928764
1979 0.592891693115234 1.00579142570496 -0.513284265995026 0.100384585559368
1980 -0.192837849259377 0.590931534767151 -0.60841965675354 -0.175349712371826
1981 2.10165357589722 1.09802448749542 0.925650894641876 0.077978141605854
1982 0.427361369132996 1.0504584312439 -0.453822076320648 -0.169274941086769
1983 -0.204655379056931 1.05664145946503 -1.35847210884094 0.0971753522753716
1984 1.35520195960999 0.608906209468842 0.554182648658752 0.19211308658123
1985 1.53960156440735 0.972858488559723 0.460492014884949 0.106251105666161
1986 1.18301916122437 0.971633732318878 0.161535441875458 0.0498499795794487
1987 -0.142600104212761 1.25105905532837 -1.44309198856354 0.0494327507913113
1988 1.54248380661011 0.870069921016693 0.603944897651672 0.0684690549969673
1989 2.5614800453186 1.01286089420319 1.48256826400757 0.0660507529973984
1990 1.4444682598114 1.92752742767334 -0.45945879817009 -0.0236003883183002
1991 1.67456817626953 1.29430091381073 0.495105862617493 -0.1148387119174
1992 1.44309616088867 1.62319624423981 -0.423099040985107 0.242998957633972
1993 2.51781821250916 1.77779924869537 0.549660325050354 0.190358743071556
1994 0.762069344520569 0.739688813686371 0.235311850905418 -0.212931349873543
1995 1.207803606987 1.11746966838837 0.0195938516408205 0.0707401558756828
1996 1.91386866569519 0.826609551906586 0.97501003742218 0.112249046564102
1997 2.14898085594177 1.42099452018738 0.736471951007843 -0.00848559103906155
1998 0.442384630441666 1.01329207420349 -0.691802978515625 0.120895527303219
1999 2.29584717750549 0.943422496318817 1.31201839447021 0.0404063612222672
2000 2.86301922798157 0.802788376808167 1.87181806564331 0.18841265141964
2001 1.07691431045532 0.820603251457214 0.311386376619339 -0.055075291544199
2002 0.284400850534439 1.30728995800018 -0.778726935386658 -0.244162186980247
2003 1.996950507164 1.5299665927887 0.515271365642548 -0.0482875071465969
2004 3.08181047439575 1.87385225296021 1.09687221050262 0.111086115241051
2005 1.65861129760742 1.45307683944702 0.111578434705734 0.0939560458064079
2006 3.00152373313904 0.970682442188263 2.10651683807373 -0.0756757035851479
2007 2.65406656265259 1.56334805488586 1.12494444847107 -0.0342258363962173
2008 3.15155935287476 1.54511034488678 1.52570343017578 0.0807455405592918
2009 2.15480828285217 1.83487594127655 0.499425709247589 -0.179493471980095
2010 1.34967505931854 1.41418504714966 -0.144739240407944 0.0802293121814728
2011 3.03714036941528 1.30149793624878 1.551309466362 0.18433304131031
2012 1.43407690525055 1.10759174823761 0.391469776630402 -0.0649846196174622
2013 1.55645704269409 1.84415054321289 -0.138478025794029 -0.14921547472477
2014 2.77043962478638 1.86136531829834 0.902827560901642 0.00624676840379834
2015 1.5635861158371 1.92198300361633 -0.324809104204178 -0.0335877798497677
2016 2.26081514358521 2.51912260055542 -0.424462676048279 0.166155278682709
