YEAR  Globe  North  Tropics  South
1860  0.755683  0.048167  0.591232  0.116284  
1861  -0.802583  -0.624941  -0.232252  0.054609  
1862  -1.273385  -0.082797  -1.046703  -0.143885  
1863  0.595346  0.210881  0.293871  0.090594  
1864  1.084599  0.255204  0.767907  0.061488  
1865  -0.284847  0.268038  -0.541267  -0.011618  
1866  0.337934  0.230013  0.174173  -0.066252  
1867  0.302616  -0.002176  0.372859  -0.068067  
1868  -0.007639  0.170870  -0.130132  -0.048377  
1869  0.247357  -0.182994  0.498862  -0.068511  
1870  0.411033  -0.025241  0.423928  0.012346  
1871  -0.139624  -0.088626  -0.117376  0.066377  
1872  -0.351813  0.364910  -0.737579  0.020856  
1873  0.738812  0.201101  0.494720  0.042990  
1874  0.182457  0.545974  -0.369052  0.005534  
1875  -0.277830  0.630726  -0.984604  0.076048  
1876  1.064322  -0.035499  1.132315  -0.032495  
1877  1.256969  -0.378981  1.582976  0.052974  
1878  -0.414360  -0.540039  0.046940  0.078738  
1879  -0.392176  0.358734  -0.734117  -0.016793  
1880  0.933328  0.109897  0.707607  0.115825  
1881  -0.634051  -0.562744  -0.125814  0.054506  
1882  -1.092598  -0.020359  -0.928753  -0.143486  
1883  0.813589  0.286050  0.435395  0.092144  
1884  1.296744  0.336215  0.896734  0.063796  
1885  -0.049594  0.346688  -0.384268  -0.012014  
1886  0.563706  0.320011  0.309040  -0.065345  
1887  0.529528  0.083990  0.512651  -0.067113  
1888  0.239575  0.262986  0.022297  -0.045707  
1889  0.488501  -0.091365  0.647188  -0.067323  
1890  0.673622  0.070400  0.590264  0.012958  
1891  0.121161  0.011544  0.037920  0.071697  
1892  -0.069926  0.468268  -0.561332  0.023138  
1893  1.022400  0.305440  0.671833  0.045127  
1894  0.462797  0.656630  -0.200518  0.006685  
1895  -0.012978  0.737459  -0.828173  0.077737  
1896  1.342478  0.066458  1.303602  -0.027583  
1897  1.571920  -0.279862  1.795360  0.056422  
1898  -0.114595  -0.440589  0.244133  0.081861  
1899  -0.151572  0.471438  -0.608486  -0.014525  
1900  1.212915  0.208870  0.886443  0.117602  
1901  -0.378378  -0.470625  0.033575  0.058673  
1902  -0.873705  0.059884  -0.790537  -0.143052  
1903  1.043719  0.381341  0.566424  0.095954  
1904  1.566336  0.427834  1.072529  0.065973  
1905  0.146582  0.431109  -0.274429  -0.010098  
1906  0.786786  0.406662  0.446507  -0.066383  
1907  0.732465  0.161370  0.634595  -0.063500  
1908  0.421331  0.339618  0.125692  -0.043980  
1909  0.671052  -0.024058  0.762703  -0.067593  
1910  0.849155  0.141694  0.690595  0.016866  
1911  0.284915  0.084304  0.126774  0.073838  
1912  0.091204  0.538099  -0.471265  0.024369  
1913  1.196554  0.370245  0.780392  0.045917  
1914  0.613055  0.725753  -0.121104  0.008407  
1915  0.125732  0.799361  -0.752592  0.078963  
1916  1.523043  0.132492  1.413643  -0.023093  
1917  1.797748  -0.211654  1.948410  0.060992  
1918  0.096427  -0.370695  0.380293  0.086830  
1919  0.007541  0.559806  -0.536890  -0.015375  
1920  1.397263  0.290353  0.984803  0.122107  
1921  1.081023  -0.343487  1.233099  0.191411  
1922  0.427517  0.266094  0.115018  0.046404  
1923  1.348936  0.122358  1.317642  -0.091065  
1924  -0.089657  0.132604  -0.294271  0.072010  
1925  1.389136  0.286966  1.071211  0.030958  
1926  0.005807  0.274046  -0.337409  0.069169  
1927  1.267690  0.519668  0.774079  -0.026056  
1928  0.785302  0.710228  0.001674  0.073399  
1929  0.229046  -0.176611  0.528786  -0.123129  
1930  0.459455  -0.017423  0.424763  0.052115  
1931  -0.139567  -0.069403  -0.241177  0.171013  
1932  1.177848  0.594731  0.471426  0.111691  
1933  1.109889  0.040106  1.068751  0.001031  
1934  1.013496  -0.105280  1.002063  0.116713  
1935  0.447781  0.297739  0.154667  -0.004626  
1936  0.292524  -0.336985  0.551204  0.078305  
1937  0.911654  0.717230  0.256450  -0.062027  
1938  0.470676  0.415739  0.100627  -0.045691  
1939  1.116842  0.170398  0.862525  0.083919  
1940  0.532095  0.592818  -0.030900  -0.029823  
1941  0.872918  1.347686  -0.526393  0.051624  
1942  0.559651  0.634989  -0.072742  -0.002596  
1943  0.807639  0.174403  0.609170  0.024066  
1944  -0.101535  0.373528  -0.431718  -0.043345  
1945  0.485440  0.208773  0.291307  -0.014640  
1946  1.180967  0.534432  0.476051  0.170483  
1947  1.364889  0.378128  0.812117  0.174644  
1948  2.628863  1.222002  1.329949  0.076913  
1949  1.566469  0.958694  0.493366  0.114410  
1950  2.349264  0.879806  1.360573  0.108885  
1951  1.584949  0.808689  0.681588  0.094672  
1952  1.342088  0.805243  0.449743  0.087101  
1953  1.823544  1.063200  0.723892  0.036452  
1954  1.929047  1.018790  0.889245  0.021012  
1955  2.644836  0.830513  1.683458  0.130865  
1956  3.917770  1.374585  2.365606  0.177579  
1957  1.275917  1.301672  0.060455  -0.086210  
1958  0.791866  1.348533  -0.614641  0.057973  
1959  2.262101  1.432810  0.743529  0.085762  
1960  2.868948  1.909983  0.930250  0.028715  
1961  1.881848  1.255990  0.537356  0.088502  
1962  2.874831  1.805855  1.148663  -0.079686  
1963  2.166221  1.550682  0.448647  0.166892  
1964  2.559925  1.486565  0.972003  0.101357  
1965  1.146551  0.999190  0.245269  -0.097907  
1966  2.095889  1.242751  0.786368  0.066771  
1967  2.431467  1.230927  1.232063  -0.031524  
1968  2.925485  1.226733  1.742368  -0.043616  
1969  1.481304  1.277222  0.065170  0.138913  
1970  1.753492  1.102797  0.571585  0.079110  
1971  2.926286  1.138631  1.652241  0.135414  
1972  1.776028  0.954141  0.841846  -0.019959  
1973  2.548214  1.636579  0.647517  0.264119  
1974  4.522091  1.080140  3.196838  0.245114  
1975  2.658193  1.096815  1.499980  0.061400  
1976  3.162575  1.492037  1.552449  0.118089  
1977  2.672596  1.442121  1.141987  0.088488  
1978  3.678207  1.508126  2.006698  0.163383  
1979  1.931766  1.217538  0.661766  0.052461  
1980  1.628924  1.326661  0.365930  -0.063667  
1981  3.227879  1.117543  2.026169  0.084167  
1982  1.823631  1.221606  0.613599  -0.011573  
1983  1.180284  1.507879  -0.401868  0.074273  
1984  3.651525  1.450507  1.901391  0.299627  
1985  3.774108  1.874886  1.792061  0.107161  
1986  2.680327  1.417281  1.192978  0.070069  
1987  1.269316  1.707014  -0.503118  0.065420  
1988  2.838193  1.271821  1.540900  0.025471  
1989  4.221178  1.320398  2.828601  0.072179  
1990  2.432484  1.778050  0.565740  0.088693  
1991  2.021711  1.590754  0.407499  0.023458  
1992  2.378327  1.438351  0.671862  0.268115  
1993  4.017597  2.225681  1.574143  0.217774  
1994  1.698752  1.070371  0.689820  -0.061438  
1995  2.230792  1.490381  0.706830  0.033581  
1996  3.884981  1.644760  2.071659  0.168562  
1997  3.245004  1.838630  1.372156  0.034218  
1998  2.290817  1.693720  0.499738  0.097359  
1999  3.991836  1.414049  2.441078  0.136708  
2000  4.471450  1.506996  2.765467  0.198986  
2001  2.560803  1.604216  0.830502  0.126085  
2002  1.675060  1.678892  0.002231  -0.006063  
2003  3.069773  1.634698  1.387902  0.047173  
2004  3.589064  1.884326  1.676506  0.028232  
2005  2.094394  2.149084  -0.114464  0.059774  
2006  3.347174  1.344297  1.996897  0.005980  
2007  3.402544  1.597369  1.750940  0.054235  
2008  4.028851  1.777210  2.217441  0.034199  
2009  3.194595  2.152813  1.139217  -0.097435  
2010  3.293545  1.831556  1.238615  0.223374  
2011  4.516333  1.834612  2.518656  0.163065  
2012  2.233782  1.175597  0.958987  0.099198  
2013  3.325061  2.192277  1.175715  -0.042931  
2014  3.666471  1.991698  1.566233  0.108540  
2015  1.688407  1.680127  -0.028344  0.036623  
2016  3.200664  2.301494  0.773746  0.125424  
