YEAR  Globe  North  Tropics  South
1860  0.755683  0.048167  0.591232  0.116284  
1861  -0.992786  -0.719362  -0.317264  0.043839  
1862  -1.477748  -0.188060  -1.133928  -0.155760  
1863  0.367677  0.091838  0.200225  0.075614  
1864  0.838275  0.131133  0.661198  0.045944  
1865  -0.542353  0.133901  -0.647748  -0.028506  
1866  0.076339  0.086935  0.073314  -0.083910  
1867  0.008953  -0.155210  0.253016  -0.088852  
1868  -0.310514  0.012260  -0.251283  -0.071492  
1869  -0.063781  -0.344812  0.372271  -0.091240  
1870  0.084845  -0.196558  0.295264  -0.013860  
1871  -0.463601  -0.267541  -0.234243  0.038183  
1872  -0.697309  0.168428  -0.858066  -0.007671  
1873  0.396607  0.003164  0.383535  0.009908  
1874  -0.192533  0.337914  -0.503075  -0.027372  
1875  -0.659357  0.405031  -1.105024  0.040636  
1876  0.683494  -0.247081  0.995351  -0.064776  
1877  0.901313  -0.589226  1.472344  0.018195  
1878  -0.792272  -0.754105  -0.082282  0.044115  
1879  -0.799354  0.121362  -0.863639  -0.057077  
1880  0.547789  -0.113000  0.581208  0.079582  
1881  -0.983436  -0.743637  -0.264188  0.024389  
1882  -1.519898  -0.273174  -1.072783  -0.173941  
1883  0.391501  0.031864  0.302577  0.057060  
1884  0.888082  0.092997  0.767224  0.027861  
1885  -0.515726  0.083716  -0.556630  -0.042812  
1886  0.131945  0.055923  0.176633  -0.100610  
1887  0.090167  -0.174990  0.364745  -0.099589  
1888  -0.215424  -0.000648  -0.133126  -0.081649  
1889  0.043605  -0.342478  0.488323  -0.102240  
1890  0.229884  -0.169725  0.422446  -0.022836  
1891  -0.348508  -0.222380  -0.157170  0.031042  
1892  -0.564771  0.201281  -0.748630  -0.017422  
1893  0.536199  0.051737  0.484768  -0.000306  
1894  -0.068557  0.382241  -0.415572  -0.035225  
1895  -0.575811  0.427311  -1.031544  0.028422  
1896  0.822646  -0.197278  1.089929  -0.070005  
1897  1.094340  -0.512166  1.598759  0.007747  
1898  -0.642241  -0.680002  0.006151  0.031610  
1899  -0.692975  0.181326  -0.806532  -0.067769  
1900  0.700323  -0.036305  0.665279  0.071348  
1901  -0.856564  -0.675772  -0.198399  0.017607  
1902  -1.479315  -0.274090  -1.025617  -0.179607  
1903  0.440806  0.041441  0.355872  0.043493  
1904  0.937732  0.110096  0.815143  0.012493  
1905  -0.522839  0.073401  -0.540536  -0.055705  
1906  0.167977  0.049513  0.230796  -0.112332  
1907  0.112108  -0.178171  0.400212  -0.109932  
1908  -0.216946  -0.012891  -0.110289  -0.093767  
1909  0.034218  -0.340685  0.487993  -0.113089  
1910  0.248314  -0.158107  0.442252  -0.035831  
1911  -0.377438  -0.233575  -0.161238  0.017375  
1912  -0.586704  0.190737  -0.744124  -0.033317  
1913  0.519433  0.067908  0.467725  -0.016199  
1914  -0.064253  0.426357  -0.438792  -0.051819  
1915  -0.603875  0.452657  -1.070437  0.013905  
1916  0.852345  -0.161073  1.088517  -0.075099  
1917  1.203815  -0.406725  1.606035  0.004505  
1918  -0.516900  -0.584683  0.044269  0.023514  
1919  -0.646331  0.277700  -0.844354  -0.079678  
1920  0.768359  0.062457  0.644423  0.061480  
1921  0.449612  -0.529403  0.850420  0.128595  
1922  -0.233063  0.042584  -0.247825  -0.027823  
1923  0.668446  -0.155873  0.966181  -0.141862  
1924  -0.745572  -0.094230  -0.656881  0.005539  
1925  0.676130  0.027689  0.683790  -0.035350  
1926  -0.708292  -0.000103  -0.701861  -0.006328  
1927  0.505025  0.162401  0.422659  -0.080035  
1928  0.017508  0.389589  -0.379800  0.007720  
1929  -0.370063  -0.290183  0.113753  -0.193633  
1930  -0.250440  -0.257277  0.022124  -0.015287  
1931  -0.828466  -0.279762  -0.642743  0.094039  
1932  0.353134  0.228979  0.074054  0.050101  
1933  0.370430  -0.207342  0.633138  -0.055366  
1934  0.353334  -0.291651  0.596170  0.048814  
1935  -0.392159  -0.085324  -0.250333  -0.056501  
1936  -0.272534  -0.426417  0.151298  0.002585  
1937  0.082539  0.337646  -0.157831  -0.097276  
1938  -0.336193  0.113273  -0.352121  -0.097345  
1939  0.360157  -0.070627  0.416636  0.014148  
1940  -0.288865  0.263568  -0.470436  -0.081997  
1941  -0.206958  0.831379  -1.021710  -0.016628  
1942  -0.351449  0.221444  -0.522038  -0.050855  
1943  -0.084689  -0.116751  0.051549  -0.019486  
1944  -0.987969  -0.027297  -0.872774  -0.087898  
1945  -0.362895  -0.105842  -0.198173  -0.058879  
1946  0.248409  0.186633  -0.031463  0.093240  
1947  0.396136  0.050764  0.246681  0.098690  
1948  1.682838  0.919061  0.745866  0.017911  
1949  0.743248  0.720264  -0.042783  0.065768  
1950  1.407895  0.526859  0.830721  0.050316  
1951  0.654917  0.523229  0.105577  0.026111  
1952  0.589710  0.632642  -0.070890  0.027958  
1953  1.012606  0.806778  0.230895  -0.025067  
1954  1.008779  0.736899  0.319064  -0.047184  
1955  1.744099  0.682176  1.012891  0.049032  
1956  2.908287  1.082261  1.753493  0.072532  
1957  0.307761  1.027741  -0.588268  -0.131711  
1958  -0.100303  1.122696  -1.199920  -0.023079  
1959  1.201107  1.192113  0.007951  0.001043  
1960  1.703185  1.590399  0.153730  -0.040944  
1961  1.063242  1.164431  -0.117759  0.016569  
1962  1.745926  1.510388  0.347041  -0.111503  
1963  1.236116  1.404227  -0.246423  0.078311  
1964  1.642522  1.306959  0.310992  0.024571  
1965  0.248012  0.826799  -0.438880  -0.139908  
1966  1.186190  1.092935  0.090074  0.003182  
1967  1.727562  1.206921  0.591617  -0.070977  
1968  1.896106  1.045039  0.950883  -0.099816  
1969  0.534290  1.113999  -0.632118  0.052408  
1970  0.851749  0.970205  -0.143923  0.025466  
1971  1.940936  1.048342  0.839901  0.052693  
1972  0.835823  0.865171  0.019676  -0.049024  
1973  1.581402  1.506192  -0.087088  0.162298  
1974  3.531541  1.077155  2.295618  0.158767  
1975  1.824661  1.111160  0.704724  0.008777  
1976  2.227318  1.443073  0.748068  0.036176  
1977  1.689137  1.276234  0.392020  0.020883  
1978  2.660149  1.390321  1.193387  0.076440  
1979  1.217522  1.261437  -0.059009  0.015094  
1980  0.928521  1.265804  -0.258644  -0.078640  
1981  2.457941  1.065532  1.359264  0.033144  
1982  0.925958  1.106134  -0.131517  -0.048659  
1983  0.455353  1.393743  -0.963349  0.024959  
1984  2.713220  1.444073  1.073240  0.195907  
1985  2.857251  1.677261  1.114725  0.065265  
1986  1.879754  1.284878  0.558354  0.036522  
1987  0.524507  1.570309  -1.070401  0.024598  
1988  2.149433  1.406044  0.742205  0.001184  
1989  3.270233  1.295363  1.946366  0.028504  
1990  1.343561  1.655386  -0.328405  0.016580  
1991  1.126273  1.549784  -0.425827  0.002317  
1992  1.187969  1.407267  -0.415047  0.195750  
1993  2.641886  1.990110  0.487590  0.164186  
1994  0.669465  1.050967  -0.319429  -0.062073  
1995  1.093253  1.426414  -0.361498  0.028337  
1996  2.641986  1.634366  0.890644  0.116975  
1997  2.051207  1.762304  0.273377  0.015525  
1998  1.345918  1.753732  -0.469766  0.061953  
1999  2.729321  1.406725  1.228350  0.094246  
2000  3.172729  1.565006  1.454651  0.153072  
2001  1.458450  1.666538  -0.282849  0.074761  
2002  0.694789  1.753477  -0.910739  -0.147948  
2003  1.880987  1.706743  0.170140  0.004105  
2004  2.419491  1.808715  0.610763  0.000012  
2005  1.039553  1.904633  -0.882875  0.017796  
2006  2.410448  1.506831  0.959478  -0.055861  
2007  2.412355  1.664913  0.726842  0.020600  
2008  2.960087  1.837190  1.138288  -0.015391  
2009  2.236751  2.241633  0.112178  -0.117061  
2010  2.384969  1.940902  0.318638  0.125428  
2011  3.412289  1.899996  1.433062  0.079231  
2012  1.378662  1.384758  -0.042504  0.036407  
2013  2.353319  2.136865  0.292106  -0.075653  
2014  2.782379  2.057599  0.701569  0.023210  
2015  1.128110  1.780673  -0.640032  -0.012531  
2016  2.358127  2.269702  0.024413  0.064012  
