"t" "1%" "0%" "-1%"
2017 19.2592023665875 19.2498089330602 19.1796481024066
2018 19.4215168459887 19.070951587426 18.6758278231428
2019 19.5895447560342 18.8989656160666 18.1853806817453
2020 19.7632860967315 18.733851018982 17.7083066782106
2021 19.9427408680822 18.5756077961796 17.2446058125424
2022 20.1279090700791 18.4242359476484 16.794278084737
2023 20.3187907027259 18.2797354733957 16.357323494798
2024 20.5153857660262 18.1421063734233 15.9337420427255
2025 20.7176942599745 18.0113486477221 15.5235337285158
2026 20.9257161845744 17.8874622962994 15.1266985521688
2027 21.1394515398224 17.770447319157 14.743236513692
2028 21.3589003257202 17.6603037162859 14.3731476130743
2029 21.5840625422697 17.5570314876932 14.0164318503266
2030 21.8149381894673 17.4606306333771 13.6730892254418
2031 22.0515272673201 17.3711011533396 13.3431197384198
2032 22.2938297758174 17.2884430475769 13.0265233892642
2033 22.5418457149644 17.2126563160909 12.723300177975
2034 22.7955750847668 17.1437409588852 12.4334501045487
2035 23.0550178852136 17.0816969759526 12.1569731689888
2036 23.320174116312 17.0265243672966 11.8938693712917
2037 23.591043778064 16.9782231329209 11.644138711461
2038 23.8676268704621 16.9367932728164 11.4077811895004
2039 24.1499233935137 16.9022347869904 11.1847968053989
2040 24.4379333472116 16.8745476754448 10.9751855591639
